065hshg8wyS4qpdbQlHzc62Di4a8geyAWT4KBBhakLFQX7NblRp.jpg KWm66Z 7 199 29 240 98 1 11 30 55 26 2 59 44 58 10 92 49 92 6 117 47 115 8 138 48 136 14 160 51

4WrDHzdMKeCQ1Ilqi0Gi766ltn1byreH9fs7gLlQRq4yT4mkFBt.jpg d43wxa 7 25 47 15 35 2 0 30 42 25 6 49 42 44 10 73 53 68 13 105 55 108 11 133 50 135 16 165 48

5jh7SQLIHDDS1v0h991SmabEwO3rWeHID8kJc4wpWuJbSpBKBn8.jpg RK8O25 7 2 10 22 51 21 4 53 54 51 10 49 32 48 9 75 52 75 8 106 52 114 12 138 56 138 5 159 48

69DT5imm7RqoVoMLhufKGbvEagla3dLWvROq3cBRVH4y5Tc31nA.jpg H9K4z7 7 3 5 33 46 33 0 59 41 60 6 84 47 78 11 106 53 104 21 103 38 101 22 129 58 129 9 156 51

r1e1lBQEh8M9QYFKRMakGOuttnhDQYCN1dzcGEShksMOq4LYsPj.jpg nd9NGW 7 99 9 126 49 127 15 162 55 7 10 29 50 29 7 56 53 49 7 48 25 47 10 74 49 74 8 102 51

R25bL0hb8ksxOD6B9LOqAdDr11wHfQuy2Rbgxt6FLuexc4q0RUc.jpg EACdM5 7 0 6 22 51 19 0 51 47 52 6 76 50 77 10 103 53 100 8 136 51 133 1 163 43 111 41 113 41

FWKfnpNf5v6N5qCQqa6a3qH1UL5VTyD03zl17RprkIpURF7giN2.jpg a67bn54 6 6 9 29 43 30 1 56 49 79 14 107 52 104 3 133 48 132 2 162 47 52 6 79 53

iIXsR6pOCWmJ15vXtrEyi7QFbqAFQ7kJztQgO2FGNfEI3an9m5y.jpg CDM6Vm 7 1 6 29 44 21 1 49 42 50 10 81 52 105 7 133 50 80 8 104 52 157 43 151 49 124 14 162 41

pt9GBOI1msECoPPFfBboCMS42mANKc0dXLR8pfh3Cn2H051eM6Q.jpg Yn7C94 5 65 15 106 59 101 8 131 51 19 24 43 53 42 6 70 47 4 7 26 42

n0eVu6AhRKTyG6vf57vN9OYv4Is7fMSX3wAYOH6pB64X7NaEtlU.jpg DeWTMW 7 0 2 28 45 27 13 50 47 74 4 99 52 50 18 84 57 90 33 91 34 98 4 129 50 128 12 160 46

NL9oh0N9zxoTprthVDGJH6W6qGIHWDH46HS9ROemdnvK9ffJg7v.jpg R4dKTA 7 0 3 29 50 49 6 76 51 75 5 109 53 103 6 127 51 129 8 159 53 29 4 51 43 84 24 86 25

